0.491728
0.477167
0.463165
0.449702
0.436756
0.424309
0.41234
0.400831
0.389765
0.379125
0.368893
0.359055
0.349596
0.3405
0.331753
0.323343
0.315257
0.307481
0.300004
0.292814
0.285901
0.279254
0.272862
0.266715
0.260805
0.255122
0.249657
0.244403
0.23935
0.234491
0.229819
0.225326
0.221006
0.216852
0.212857
0.209016
0.205322
0.20177
0.198354
0.19507
0.191912
0.188874
0.185954
0.183145
0.180444
0.177847
0.17535
0.172948
0.170638
0.168417
0.166281
0.164227
0.162252
0.160353
0.158526
0.156769
0.15508
0.153455
0.151893
0.15039
0.148945
0.147555
0.146218
0.144933
0.143697
0.142508
0.141364
0.140265
0.139207
0.13819
0.137211
0.136271
0.135366
0.134495
0.133658
0.132853
0.132078
0.131333
0.130617
0.129928
0.129265
0.128627
0.128014
0.127424
0.126856
0.12631
0.125785
0.12528
0.124794
0.124327
0.123877
0.123444
0.123028
0.122628
0.122243
0.121872
0.121516
0.121173
0.120843
0.120525
0.12022
0.119926
0.119643
0.119371
0.119109
0.118857
0.118614
0.118381
0.118156
0.11794
0.117732
0.117532
0.11734
0.117154
0.116976
0.116804
0.116639
0.11648
0.116327
0.116179
0.116037
0.115901
0.115769
0.115642
0.115521
0.115403
0.11529
0.115181
0.115076
0.114976
0.114878
0.114785
0.114695
0.114608
0.114524
0.114444
0.114366
0.114291
0.114219
0.11415
0.114083
0.114019
0.113957
0.113897
0.113839
0.113784
0.11373
0.113678
0.113629
0.113581
0.113534
0.11349
0.113447
0.113405
0.113365
0.113327
0.11329
0.113254
0.113219
0.113186
0.113154
0.113122
0.113092
0.113063
0.113035
0.113008
0.112982
0.112957
0.112933
0.112909
0.112887
0.112865
0.112844
0.112823
0.112804
0.112785
0.112766
0.112748
0.112731
0.112714
0.112698
0.112683
0.112668
0.112653
0.112639
0.112625
0.112612
0.112599
0.112587
0.112575
0.112563
0.112552
0.112541
0.11253
0.11252
0.11251
0.1125
0.112491
0.112482
0.112473
0.112465
0.112456
0.112448
0.112441
0.112433
0.112426
0.112419
0.112412
0.112405
0.112398
0.112392
0.112386
0.11238
0.112374
0.112368
0.112363
0.112357
0.112352
0.112347
0.112342
0.112337
0.112332
0.112328
0.112323
0.112319
0.112315
0.11231
0.112306
0.112302
0.112299
0.112295
0.112291
0.112287
0.112284
0.112281
0.112277
0.112274
0.112271
0.112268
0.112264
0.112261
0.112259
0.112256
0.112253
0.11225
0.112247
0.112245
0.112242
0.11224
0.112237
0.112235
0.112232
0.11223
0.112228
0.112225
0.112223
0.112221
0.112219
0.112217
0.112215
0.112213
0.112211
0.112209
0.112207
0.112205
0.112203
0.112201
0.112199
0.112198
0.112196
0.112194
0.112192
0.112191
0.112189
0.112188
0.112186
0.112184
0.112183
0.112181
0.11218
0.112178
0.112177
0.112176
0.112174
0.112173
0.112171
0.11217
0.112169
0.112167
0.112166
0.112165
0.112164
0.112162
0.112161
0.11216
0.112159
0.112158
0.112156
0.112155
0.112154
0.112153
0.112152
0.112151
0.11215
0.112149
0.112148
0.112147
0.112146
0.112145
0.112144
0.112143
0.112142
0.112141
0.11214
0.112139
0.112138
0.112137
0.112136
0.112135
0.112134
0.112133
0.112132
0.112132
0.112131
0.11213
0.112129
0.112128
0.112127
0.112127
0.112126
0.112125
0.112124
0.112123
0.112123
0.112122
0.112121
0.11212
0.11212
0.112119
0.112118
0.112118
0.112117
0.112116
0.112115
0.112115
0.112114
0.112113
0.112113
0.112112
0.112111
0.112111
0.11211
0.11211
0.112109
0.112108
0.112108
0.112107
0.112106
0.112106
0.112105
0.112105
0.112104
0.112104
0.112103
0.112102
0.112102
0.112101
0.112101
0.1121
0.1121
0.112099
0.112099
0.112098
0.112098
0.112097
0.112097
0.112096
0.112096
0.112095
0.112095
0.112094
0.112094
0.112093
0.112093
0.112092
0.112092
0.112091
0.112091
0.112091
0.11209
0.11209
0.112089
0.112089
0.112088
0.112088
0.112088
0.112087
0.112087
0.112086
0.112086
0.112086
0.112085
0.112085
0.112084
0.112084
0.112084
0.112083
0.112083
0.112082
0.112082
0.112082
0.112081
0.112081
0.112081
0.11208
0.11208
0.11208
0.112079
0.112079
0.112079
0.112078
0.112078
0.112078
0.112077
0.112077
0.112077
0.112076
0.112076
0.112076
0.112075
0.112075
0.112075
0.112075
0.112074
0.112074
0.112074
0.112073
0.112073
0.112073
0.112073
0.112072
0.112072
0.112072
0.112072
0.112071
0.112071
0.112071
0.11207
0.11207
0.11207
0.11207
0.112069
0.112069
0.112069
0.112069
0.112068
0.112068
0.112068
0.112068
0.112068
0.112067
0.112067
0.112067
0.112067
0.112066
0.112066
0.112066
0.112066
0.112066
0.112065
0.112065
0.112065
0.112065
0.112065
0.112064
0.112064
0.112064
0.112064
0.112064
0.112063
0.112063
0.112063
0.112063
0.112063
0.112062
0.112062
0.112062
0.112062
0.112062
0.112061
0.112061
0.112061
0.112061
0.112061
0.112061
0.11206
0.11206
0.11206
0.11206
0.11206
0.11206
0.112059
0.112059
0.112059
0.112059
0.112059
0.112059
0.112059
0.112058
0.112058
0.112058
0.112058
0.112058
0.112058
0.112058
0.112057
0.112057
0.112057
0.112057
0.112057
0.112057
0.112057
0.112056
0.112056
0.112056
0.112056
0.112056
0.112056
0.112056
0.112056
0.112055
0.112055
0.112055
0.112055
0.112055
0.112055
0.112055
0.112055
0.112054
0.112054
0.112054
0.112054
0.112054
0.112054
0.112054
0.112054
0.112054
0.112053
0.112053
0.112053
0.112053
0.112053
0.112053
0.112053
0.112053
0.112053
0.112053
0.112052
0.112052
0.112052
0.112052
0.112052
0.112052
0.112052
0.112052
0.112052
0.112052
0.112051
0.112051
0.112051
0.112051
0.112051
0.112051
0.112051
0.112051
0.112051
0.112051
0.112051
0.112051
0.11205
0.11205
0.11205
0.11205
0.11205
0.11205
0.11205
0.11205
0.11205
0.11205
0.11205
0.11205
0.11205
0.112049
0.112049
0.112049
0.112049
0.112049
0.112049
0.112049
0.112049
0.112049
0.112049
0.112049
0.112049
0.112049
0.112049
0.112048
0.112048
0.112048
0.112048
0.112048
0.112048
0.112048
0.112048
0.112048
0.112048
0.112048
0.112048
0.112048
0.112048
0.112048
0.112048
0.112048
0.112047
0.112047
0.112047
0.112047
0.112047
0.112047
0.112047
0.112047
0.112047
0.112047
0.112047
0.112047
0.112047
0.112047
0.112047
0.112047
0.112047
0.112047
0.112047
0.112046
0.112046
0.112046
0.112046
0.112046
0.112046
0.112046
0.112046
0.112046
0.112046
0.112046
0.112046
0.112046
0.112046
0.112046
0.112046
0.112046
0.112046
0.112046
0.112046
0.112046
0.112046
0.112046
0.112045
0.112045
0.112045
0.112045
0.112045
0.112045
0.112045
0.112045
0.112045
0.112045
0.112045
0.112045
0.112045
0.112045
0.112045
0.112045
0.112045
0.112045
0.112045
0.112045
0.112045
0.112045
0.112045
0.112045
0.112045
0.112045
0.112045
0.112045
0.112045
0.112044
0.112044
0.112044
0.112044
0.112044
0.112044
0.112044
0.112044
0.112044
0.112044
0.112044
0.112044
0.112044
0.112044
0.112044
0.112044
0.112044
0.112044
0.112044
0.112044
0.112044
0.112044
0.112044
0.112044
0.112044
0.112044
0.112044
0.112044
0.112044
0.112044
0.112044
0.112044
0.112044
0.112044
0.112044
0.112044
0.112044
0.112043
0.112043
0.112043
0.112043
0.112043
0.112043
0.112043
0.112043
0.112043
0.112043
0.112043
0.112043
0.112043
0.112043
0.112043
0.112043
0.112043
0.112043
0.112043
0.112043
0.112043
0.112043
0.112043
0.112043
0.112043
0.112043
0.112043
0.112043
0.112043
0.112043
0.112043
0.112043
0.112043
0.112043
0.112043
0.112043
0.112043
0.112043
0.112043
0.112043
0.112043
0.112043
0.112043
0.112043
0.112043
0.112043
0.112043
0.112043
0.112043
0.112043
0.112043
0.112043
0.112043
0.112042
0.112042
0.112042
0.112042
0.112042
0.112042
0.112042
0.112042
0.112042
0.112042
0.112042
0.112042
0.112042
0.112042
0.112042
0.112042
0.112042
0.112042
0.112042
0.112042
0.112042
0.112042
0.112042
0.112042
0.112042
0.112042
0.112042
0.112042
0.112042
0.112042
0.112042
0.112042
0.112042
0.112042
0.112042
0.112042
0.112042
0.112042
0.112042
0.112042
0.112042
0.112042
0.112042
0.112042
0.112042
0.112042
0.112042
0.112042
0.112042
0.112042
0.112042
0.112042
0.112042
0.112042
0.112042
0.112042
0.112042
0.112042
0.112042
0.112042
0.112042
0.112042
0.112042
0.112042
0.112042
0.112042
0.112042
0.112042
0.112042
0.112042
0.112042
0.112042
0.112042
0.112042
0.112042
0.112042
0.112042
0.112042
0.112042
0.112042
0.112042
0.112042
0.112042
0.112042
0.112042
0.112042
0.112042
0.112042
0.112042
0.112042
0.112042
0.112042
0.112042
0.112042
0.112041
0.112041
0.112041
0.112041
0.112041
0.112041
0.112041
0.112041
0.112041
0.112041
0.112041
0.112041
0.112041
0.112041
0.112041
0.112041
0.112041
0.112041
0.112041
0.112041
0.112041
0.112041
0.112041
0.112041
0.112041
0.112041
0.112041
0.112041
0.112041
0.112041
0.112041
0.112041
0.112041
0.112041
0.112041
0.112041
0.112041
0.112041
0.112041
0.112041
0.112041
0.112041
0.112041
0.112041
0.112041
0.112041
0.112041
0.112041
0.112041
0.112041
0.112041
0.112041
0.112041
0.112041
0.112041
0.112041
0.112041
0.112041
0.112041
0.112041
0.112041
0.112041
0.112041
0.112041
0.112041
0.112041
0.112041
0.112041
0.112041
0.112041
0.112041
0.112041
0.112041
0.112041
0.112041
0.112041
0.112041
0.112041
0.112041
0.112041
0.112041
0.112041
0.112041
0.112041
0.112041
0.112041
0.112041
0.112041
0.112041
0.112041
0.112041
0.112041
0.112041
0.112041
0.112041
0.112041
0.112041
0.112041
0.112041
0.112041
0.112041
0.112041
0.112041
0.112041
0.112041
0.112041
0.112041
0.112041
0.112041
0.112041
0.112041
0.112041
0.112041
0.112041
0.112041
0.112041
0.112041
0.112041
0.112041
0.112041
0.112041
0.112041
0.112041
